built in:
## RF: 94.90943533802215 [95.89301 (Online score)]
encoding, scaling: 94.88882357925561 [94.98591]
imp features & RF: ~94.23
pca2: 49.79052087675182
pca3: 63.09028801515544
pca4: 63.750968899359385
pca5: 63.902601968855656
pca10: 68.57017706904838
pca15: 72.7431387959971
pca20: 75.32916884441818
pca25: 74.69491868400596
pca30: 74.34401536596029
pca35: 74.12884259131015

tsne2: 34.74791898742492
tsne3: 38.9713522043578

## DT: 90.13448053709342

raw analysis:
## RF: 95.37779772793304 [96.31288 (Online score)]